8.221786022186279297e-01 1.778213679790496826e-01
9.464726448059082031e-01 5.352738872170448303e-02
9.742180705070495605e-01 2.578195370733737946e-02
2.688029110431671143e-01 7.311971187591552734e-01
2.239309847354888916e-01 7.760690450668334961e-01
9.230508804321289062e-01 7.694911211729049683e-02
9.811509251594543457e-01 1.884906180202960968e-02
9.711498022079467773e-02 9.028850197792053223e-01
7.522640824317932129e-01 2.477359473705291748e-01
4.354095757007598877e-01 5.645904541015625000e-01
6.366332173347473145e-01 3.633667230606079102e-01
9.692576527595520020e-01 3.074230439960956573e-02
6.820678245276212692e-03 9.931793212890625000e-01
9.852086305618286133e-01 1.479142531752586365e-02
9.067844748497009277e-01 9.321547299623489380e-02
2.861130535602569580e-01 7.138869762420654297e-01
7.807225584983825684e-01 2.192774266004562378e-01
6.412016153335571289e-01 3.587983846664428711e-01
1.831657998263835907e-02 9.816834926605224609e-01
8.262941837310791016e-01 1.737058609724044800e-01
8.744791150093078613e-01 1.255208402872085571e-01
8.612694144248962402e-01 1.387305855751037598e-01
9.239248037338256836e-01 7.607521116733551025e-02
7.568827271461486816e-01 2.431172430515289307e-01
9.075018763542175293e-01 9.249814599752426147e-02
7.680786848068237305e-01 2.319213598966598511e-01
9.812375903129577637e-01 1.876235567033290863e-02
9.539838433265686035e-01 4.601620137691497803e-02
8.668698668479919434e-01 1.331300586462020874e-01
2.742464840412139893e-01 7.257535457611083984e-01
8.276170492172241211e-01 1.723829358816146851e-01
1.304972320795059204e-01 8.695027828216552734e-01
3.285503014922142029e-02 9.671449065208435059e-01
2.415043562650680542e-01 7.584956288337707520e-01
9.248583912849426270e-01 7.514158636331558228e-02
9.809367060661315918e-01 1.906320638954639435e-02
2.622794210910797119e-01 7.377205491065979004e-01
9.362689256668090820e-01 6.373108178377151489e-02
9.402153491973876953e-01 5.978464335203170776e-02
2.873175544664263725e-03 9.971268773078918457e-01
2.393335253000259399e-01 7.606664896011352539e-01
9.036309719085693359e-01 9.636898338794708252e-02
3.841356337070465088e-01 6.158643364906311035e-01
8.530566096305847168e-01 1.469434201717376709e-01
5.664220452308654785e-02 9.433577656745910645e-01
5.173763632774353027e-01 4.826236069202423096e-01
9.009469747543334961e-01 9.905309975147247314e-02
2.363363206386566162e-01 7.636636495590209961e-01
9.146050214767456055e-01 8.539497107267379761e-02
2.022130228579044342e-02 9.797787666320800781e-01
7.174375057220458984e-01 2.825624346733093262e-01
6.610608845949172974e-02 9.338939189910888672e-01
8.560426235198974609e-01 1.439574211835861206e-01
8.995817303657531738e-01 1.004182547330856323e-01
7.069051861763000488e-01 2.930948138236999512e-01
9.845385551452636719e-01 1.546143926680088043e-02
7.615480422973632812e-01 2.384519279003143311e-01
5.697873234748840332e-01 4.302127361297607422e-01
8.811345696449279785e-01 1.188654527068138123e-01
8.824124336242675781e-01 1.175875961780548096e-01
9.189121127128601074e-01 8.108787983655929565e-02
5.528641343116760254e-01 4.471358656883239746e-01
6.957204937934875488e-01 3.042795658111572266e-01
8.518614172935485840e-01 1.481386125087738037e-01
5.980252623558044434e-01 4.019747078418731689e-01
8.339393734931945801e-01 1.660606414079666138e-01
1.921195834875106812e-01 8.078803420066833496e-01
3.651905804872512817e-02 9.634808897972106934e-01
4.847004115581512451e-01 5.152995586395263672e-01
4.512743353843688965e-01 5.487256050109863281e-01
4.747672677040100098e-01 5.252327322959899902e-01
8.056331872940063477e-01 1.943668574094772339e-01
7.015138864517211914e-01 2.984860837459564209e-01
7.401939630508422852e-01 2.598060667514801025e-01
7.852160334587097168e-01 2.147839814424514771e-01
4.753244668245315552e-02 9.524675011634826660e-01
7.909353375434875488e-01 2.090646177530288696e-01
9.850177168846130371e-01 1.498226542025804520e-02
9.744589924812316895e-01 2.554093115031719208e-02
2.918624281883239746e-01 7.081376314163208008e-01
8.708591461181640625e-01 1.291408240795135498e-01
5.363968014717102051e-01 4.636031389236450195e-01
8.283141069114208221e-03 9.917169213294982910e-01
8.647714257240295410e-01 1.352285742759704590e-01
6.765989065170288086e-01 3.234010934829711914e-01
7.741146087646484375e-01 2.258854210376739502e-01
3.280609101057052612e-02 9.671939015388488770e-01
7.776837348937988281e-01 2.223162353038787842e-01
3.498875498771667480e-01 6.501124501228332520e-01
6.360515356063842773e-01 3.639484345912933350e-01
8.487837314605712891e-01 1.512162089347839355e-01
8.989483118057250977e-01 1.010516658425331116e-01
4.636296927928924561e-01 5.363703370094299316e-01
6.427910923957824707e-01 3.572089374065399170e-01
9.662463665008544922e-01 3.375367447733879089e-02
9.284485578536987305e-01 7.155147939920425415e-02
1.522568240761756897e-02 9.847742915153503418e-01
7.879119515419006348e-01 2.120880484580993652e-01
8.658854961395263672e-01 1.341144442558288574e-01
1.375268846750259399e-01 8.624730706214904785e-01
9.770025014877319336e-01 2.299754135310649872e-02
8.813272118568420410e-01 1.186728030443191528e-01
4.068528115749359131e-01 5.931472182273864746e-01
2.674491107463836670e-01 7.325509190559387207e-01
8.744716644287109375e-01 1.255283355712890625e-01
9.756729602813720703e-01 2.432703040540218353e-02
7.737420797348022461e-01 2.262579798698425293e-01
5.575935840606689453e-01 4.424064159393310547e-01
6.296783089637756348e-01 3.703216612339019775e-01
7.756680250167846680e-01 2.243319600820541382e-01
8.317359685897827148e-01 1.682640314102172852e-01
9.597563147544860840e-01 4.024374485015869141e-02
5.190785229206085205e-02 9.480921030044555664e-01
5.425658226013183594e-01 4.574341773986816406e-01
1.399727654643356800e-03 9.986003041267395020e-01
1.523525118827819824e-01 8.476474881172180176e-01
9.677661061286926270e-01 3.223396837711334229e-02
9.225509166717529297e-01 7.744911313056945801e-02
9.064303636550903320e-01 9.356961399316787720e-02
9.538018107414245605e-01 4.619815945625305176e-02
9.036346673965454102e-01 9.636526554822921753e-02
8.967869877815246582e-01 1.032130941748619080e-01
2.587336003780364990e-01 7.412664294242858887e-01
6.893329024314880371e-01 3.106671273708343506e-01
9.735595583915710449e-01 2.644037827849388123e-02
9.729121327400207520e-01 2.708790823817253113e-02
9.862642884254455566e-01 1.373569108545780182e-02
8.655389547348022461e-01 1.344610899686813354e-01
9.777696132659912109e-01 2.223039232194423676e-02
7.545100450515747070e-01 2.454899102449417114e-01
8.526573181152343750e-01 1.473427265882492065e-01
1.492800116539001465e-01 8.507199883460998535e-01
9.415423870086669922e-01 5.845756828784942627e-02
9.298980236053466797e-01 7.010199129581451416e-02
9.722970128059387207e-01 2.770295739173889160e-02
6.778041124343872070e-01 3.221958577632904053e-01
2.777631282806396484e-01 7.222368717193603516e-01
9.622806906700134277e-01 3.771930932998657227e-02
8.408470451831817627e-02 9.159153103828430176e-01
8.896858692169189453e-01 1.103140562772750854e-01
8.957109451293945312e-01 1.042890697717666626e-01
5.054345130920410156e-01 4.945654273033142090e-01
7.554053068161010742e-01 2.445946782827377319e-01
2.732479572296142578e-02 9.726752042770385742e-01
5.953503847122192383e-01 4.046496450901031494e-01
9.856668114662170410e-01 1.433324534446001053e-02
9.768139719963073730e-01 2.318602427840232849e-02
9.775245189666748047e-01 2.247548475861549377e-02
4.235844612121582031e-01 5.764154791831970215e-01
2.259638458490371704e-01 7.740361690521240234e-01
9.344364404678344727e-01 6.556358933448791504e-02
9.547072649002075195e-01 4.529269412159919739e-02
9.705305695533752441e-01 2.946951426565647125e-02
1.374551057815551758e-01 8.625448942184448242e-01
5.073918700218200684e-01 4.926081597805023193e-01
1.764253377914428711e-01 8.235746622085571289e-01
8.534974455833435059e-01 1.465026140213012695e-01
6.959248781204223633e-01 3.040751218795776367e-01
7.792971134185791016e-01 2.207028865814208984e-01
5.693609118461608887e-01 4.306391477584838867e-01
1.742639392614364624e-02 9.825735688209533691e-01
1.743555516004562378e-01 8.256444334983825684e-01
8.109613060951232910e-01 1.890387535095214844e-01
1.742783635854721069e-01 8.257215619087219238e-01
7.675377279520034790e-02 9.232462644577026367e-01
2.250112146139144897e-01 7.749887704849243164e-01
4.889413118362426758e-01 5.110586881637573242e-01
1.136408224701881409e-01 8.863592147827148438e-01
5.084570031613111496e-03 9.949154853820800781e-01
5.394360795617103577e-02 9.460563659667968750e-01
9.748412966728210449e-01 2.515872009098529816e-02
5.070973653346300125e-03 9.949290752410888672e-01
9.760667085647583008e-01 2.393327839672565460e-02
6.131926178932189941e-01 3.868073821067810059e-01
5.399734973907470703e-01 4.600265324115753174e-01
5.021591782569885254e-01 4.978408217430114746e-01
5.574694871902465820e-01 4.425305128097534180e-01
9.181789755821228027e-01 8.182102441787719727e-02
6.918755769729614258e-01 3.081244230270385742e-01
2.310282588005065918e-01 7.689717411994934082e-01
3.957197666168212891e-01 6.042802929878234863e-01
3.240653574466705322e-01 6.759346723556518555e-01
4.386262595653533936e-01 5.613736510276794434e-01
9.882150888442993164e-01 1.178493909537792206e-02
6.641838550567626953e-01 3.358161747455596924e-01
6.916517019271850586e-01 3.083482384681701660e-01
1.016011312603950500e-01 8.983988761901855469e-01
8.686947822570800781e-02 9.131305217742919922e-01
9.318615198135375977e-01 6.813849508762359619e-02
9.816700220108032227e-01 1.832990720868110657e-02
5.896419882774353027e-01 4.103580713272094727e-01
8.359374403953552246e-01 1.640625745058059692e-01
8.144811987876892090e-01 1.855188310146331787e-01
8.756174445152282715e-01 1.243825778365135193e-01
3.009973466396331787e-01 6.990026831626892090e-01
9.587640166282653809e-01 4.123599454760551453e-02
8.320014476776123047e-01 1.679985523223876953e-01
9.035707712173461914e-01 9.642925858497619629e-02
9.782515764236450195e-01 2.174839936196804047e-02
9.127967953681945801e-01 8.720323443412780762e-02
7.231158614158630371e-01 2.768841981887817383e-01
9.077823758125305176e-01 9.221765398979187012e-02
9.918075203895568848e-01 8.192507550120353699e-03
9.592738151550292969e-01 4.072618484497070312e-02
9.421300292015075684e-01 5.786992982029914856e-02
6.196914911270141602e-01 3.803085386753082275e-01
7.385030388832092285e-02 9.261496663093566895e-01
9.627082943916320801e-01 3.729163855314254761e-02
7.050390243530273438e-01 2.949609756469726562e-01
8.713707923889160156e-01 1.286292225122451782e-01
2.290433272719383240e-03 9.977095127105712891e-01
4.219661059323698282e-04 9.995780587196350098e-01
5.309328436851501465e-01 4.690671861171722412e-01
7.091839313507080078e-01 2.908160686492919922e-01
8.338761329650878906e-02 9.166123270988464355e-01
7.652302384376525879e-01 2.347697466611862183e-01
9.792545437812805176e-01 2.074547298252582550e-02
9.106202125549316406e-01 8.937978744506835938e-02
8.303292393684387207e-01 1.696707159280776978e-01
9.792540073394775391e-01 2.074605599045753479e-02
9.528020024299621582e-01 4.719798266887664795e-02
6.645503640174865723e-01 3.354496359825134277e-01
1.937797665596008301e-02 9.806220531463623047e-01
2.379666864871978760e-01 7.620333433151245117e-01
9.928281903266906738e-01 7.171752862632274628e-03
9.303529262542724609e-01 6.964712589979171753e-02
9.318295121192932129e-01 6.817052513360977173e-02
9.795658588409423828e-01 2.043416537344455719e-02
5.274633765220642090e-01 4.725365638732910156e-01
8.258205056190490723e-01 1.741794645786285400e-01
2.326202243566513062e-01 7.673797607421875000e-01
9.137655496597290039e-01 8.623448759317398071e-02
9.851454496383666992e-01 1.485456153750419617e-02
9.187352657318115234e-01 8.126470446586608887e-02
7.859475016593933105e-01 2.140525281429290771e-01
4.616827517747879028e-02 9.538317918777465820e-01
5.957975983619689941e-01 4.042024016380310059e-01
6.997150182723999023e-01 3.002849221229553223e-01
9.199315309524536133e-01 8.006846159696578979e-02
9.297913312911987305e-01 7.020863145589828491e-02
9.562682509422302246e-01 4.373171925544738770e-02
5.709400773048400879e-02 9.429059624671936035e-01
9.519029855728149414e-01 4.809695482254028320e-02
8.541672229766845703e-01 1.458328217267990112e-01
9.526419639587402344e-01 4.735803231596946716e-02
9.774693846702575684e-01 2.253057062625885010e-02
5.546315386891365051e-02 9.445368051528930664e-01
8.167316317558288574e-01 1.832684129476547241e-01
9.269056320190429688e-01 7.309439778327941895e-02
1.591547876596450806e-01 8.408451676368713379e-01
7.984207272529602051e-01 2.015792876482009888e-01
9.401708841323852539e-01 5.982909724116325378e-02
2.095531523227691650e-01 7.904468774795532227e-01
7.912725806236267090e-01 2.087274938821792603e-01
1.424360089004039764e-02 9.857564568519592285e-01
8.569583296775817871e-01 1.430417299270629883e-01
8.345145583152770996e-01 1.654854565858840942e-01
1.239551231265068054e-02 9.876044988632202148e-01
9.925907850265502930e-01 7.409254088997840881e-03
5.638836026191711426e-01 4.361163675785064697e-01
6.228074431419372559e-01 3.771926164627075195e-01
9.772954583168029785e-01 2.270453423261642456e-02
8.973783254623413086e-01 1.026217192411422729e-01
9.470993876457214355e-01 5.290060490369796753e-02
5.853099822998046875e-01 4.146899878978729248e-01
8.287648558616638184e-01 1.712351292371749878e-01
8.897586464881896973e-01 1.102413907647132874e-01
3.503324687480926514e-01 6.496676206588745117e-01
4.190231263637542725e-01 5.809769034385681152e-01
1.021010577678680420e-01 8.978989124298095703e-01
9.152089953422546387e-01 8.479104191064834595e-02
8.370110988616943359e-01 1.629889309406280518e-01
8.240323662757873535e-01 1.759676635265350342e-01
6.254199743270874023e-01 3.745799958705902100e-01
8.243878483772277832e-01 1.756121963262557983e-01
5.547475218772888184e-01 4.452524483203887939e-01
9.272704720497131348e-01 7.272955775260925293e-02
7.118647098541259766e-01 2.881353497505187988e-01
4.290294945240020752e-01 5.709704756736755371e-01
9.833801388740539551e-01 1.661984063684940338e-02
7.875897288322448730e-01 2.124102711677551270e-01
7.157298326492309570e-01 2.842701077461242676e-01
4.382821619510650635e-01 5.617178082466125488e-01
9.316453337669372559e-01 6.835468858480453491e-02
7.548862099647521973e-01 2.451138198375701904e-01
8.464830517768859863e-01 1.535169482231140137e-01
9.701175093650817871e-01 2.988246083259582520e-02
9.340513944625854492e-01 6.594866514205932617e-02
5.229411721229553223e-01 4.770588874816894531e-01
3.769219219684600830e-01 6.230781078338623047e-01
2.685936689376831055e-01 7.314063310623168945e-01
9.659751057624816895e-01 3.402489051222801208e-02
8.534805774688720703e-01 1.465194523334503174e-01
8.057914376258850098e-01 1.942086070775985718e-01
5.880006551742553711e-01 4.119993746280670166e-01
8.292682170867919922e-01 1.707317680120468140e-01
6.102459430694580078e-01 3.897540867328643799e-01
9.422588944435119629e-01 5.774109065532684326e-02
9.368591904640197754e-01 6.314083188772201538e-02
9.419132471084594727e-01 5.808667466044425964e-02
8.375378251075744629e-01 1.624622046947479248e-01
8.004316687583923340e-01 1.995682865381240845e-01
4.458019733428955078e-01 5.541979670524597168e-01
9.239988923072814941e-01 7.600114494562149048e-02
1.065364480018615723e-01 8.934635519981384277e-01
5.835918188095092773e-01 4.164082109928131104e-01
9.686347246170043945e-01 3.136533498764038086e-02
7.071788907051086426e-01 2.928211390972137451e-01
7.340372204780578613e-01 2.659628093242645264e-01
9.746541827917098999e-02 9.025346040725708008e-01
8.729273080825805664e-01 1.270726919174194336e-01
8.621332049369812012e-01 1.378667652606964111e-01
8.318608403205871582e-01 1.681391298770904541e-01
8.329025506973266602e-01 1.670974940061569214e-01
5.091496706008911133e-01 4.908503592014312744e-01
7.786013484001159668e-01 2.213986366987228394e-01
5.056770052760839462e-03 9.949432015419006348e-01
1.943378597497940063e-01 8.056620955467224121e-01
2.401566058397293091e-01 7.598434090614318848e-01
9.458468556404113770e-01 5.415310710668563843e-02
4.659924805164337158e-01 5.340074896812438965e-01
9.629572033882141113e-01 3.704275935888290405e-02
7.636839151382446289e-01 2.363160997629165649e-01
1.770912110805511475e-01 8.229088187217712402e-01
9.849512577056884766e-01 1.504877023398876190e-02
3.149423599243164062e-01 6.850576400756835938e-01
6.954560875892639160e-01 3.045438826084136963e-01
5.080274343490600586e-01 4.919725358486175537e-01
1.034555435180664062e-01 8.965444564819335938e-01
7.588820457458496094e-01 2.411179244518280029e-01
9.570956230163574219e-01 4.290433973073959351e-02
9.302968978881835938e-01 6.970313191413879395e-02
9.293591976165771484e-01 7.064077258110046387e-02
7.624940872192382812e-01 2.375058978796005249e-01
9.818385839462280273e-01 1.816142909228801727e-02
9.929954409599304199e-01 7.004518061876296997e-03
7.486944198608398438e-01 2.513055801391601562e-01
3.674212992191314697e-01 6.325786709785461426e-01
5.964367389678955078e-01 4.035632312297821045e-01
8.671960830688476562e-01 1.328038871288299561e-01
8.577023148536682129e-01 1.422977149486541748e-01
3.372538387775421143e-01 6.627461314201354980e-01
9.791101813316345215e-01 2.088981308043003082e-02
4.740808606147766113e-01 5.259190797805786133e-01
9.009348750114440918e-01 9.906520694494247437e-02
1.717492379248142242e-02 9.828251004219055176e-01
4.839406535029411316e-02 9.516059160232543945e-01
9.590117335319519043e-01 4.098824039101600647e-02
3.650269508361816406e-01 6.349730491638183594e-01
7.984637022018432617e-01 2.015362679958343506e-01
9.849171042442321777e-01 1.508285291492938995e-02
1.283530890941619873e-02 9.871647357940673828e-01
8.901804089546203613e-01 1.098196059465408325e-01
2.275159209966659546e-01 7.724840044975280762e-01
8.159782290458679199e-01 1.840217262506484985e-01
4.694250971078872681e-02 9.530574679374694824e-01
7.967122793197631836e-01 2.032877802848815918e-01
3.393948376178741455e-01 6.606051325798034668e-01
9.840306043624877930e-01 1.596939004957675934e-02
6.209239736199378967e-02 9.379075765609741211e-01
2.105586975812911987e-01 7.894412875175476074e-01
8.391942977905273438e-01 1.608056575059890747e-01
9.866488575935363770e-01 1.335119083523750305e-02
9.126037359237670898e-01 8.739624172449111938e-02
6.199667453765869141e-01 3.800331950187683105e-01
9.631015658378601074e-01 3.689843416213989258e-02
7.330464720726013184e-01 2.669534981250762939e-01
7.475680708885192871e-01 2.524319589138031006e-01
5.993939936161041260e-03 9.940060377120971680e-01
8.438239097595214844e-01 1.561760753393173218e-01
9.018402695655822754e-01 9.815975278615951538e-02
9.372578933835029602e-03 9.906274080276489258e-01
5.971395969390869141e-01 4.028604030609130859e-01
9.677629470825195312e-01 3.223698586225509644e-02
5.917991399765014648e-01 4.082009494304656982e-01
7.700333595275878906e-01 2.299666702747344971e-01
6.414199471473693848e-01 3.585800230503082275e-01
6.982805132865905762e-01 3.017194867134094238e-01
7.744657993316650391e-01 2.255341410636901855e-01
9.881239533424377441e-01 1.187602337449789047e-02
9.819013476371765137e-01 1.809869706630706787e-02
8.246173262596130371e-01 1.753826439380645752e-01
9.103367924690246582e-01 8.966315537691116333e-02
2.361762523651123047e-01 7.638237476348876953e-01
7.841083407402038574e-01 2.158916890621185303e-01
8.493978977203369141e-01 1.506020426750183105e-01
7.141802310943603516e-01 2.858197391033172607e-01
9.694826006889343262e-01 3.051737509667873383e-02
8.720266819000244141e-01 1.279733180999755859e-01
6.713034510612487793e-01 3.286965787410736084e-01
9.609395265579223633e-01 3.906042501330375671e-02
9.315560013055801392e-02 9.068443775177001953e-01
9.458894133567810059e-01 5.411058291792869568e-02
9.272969365119934082e-01 7.270306348800659180e-02
5.096849799156188965e-01 4.903150200843811035e-01
9.878930449485778809e-01 1.210695970803499222e-02
8.085741996765136719e-01 1.914258301258087158e-01
9.770951271057128906e-01 2.290488965809345245e-02
8.516491651535034180e-01 1.483508050441741943e-01
1.036484837532043457e-01 8.963515162467956543e-01
6.333538889884948730e-01 3.666461408138275146e-01
2.399793416261672974e-01 7.600206732749938965e-01
9.278239011764526367e-01 7.217605412006378174e-02
1.945415884256362915e-01 8.054584264755249023e-01
9.400528669357299805e-01 5.994708463549613953e-02
4.254256188869476318e-01 5.745744109153747559e-01
8.084884881973266602e-01 1.915115267038345337e-01
6.727340221405029297e-01 3.272659480571746826e-01
5.214502215385437012e-01 4.785497784614562988e-01
9.349682331085205078e-01 6.503177434206008911e-02
7.976845502853393555e-01 2.023154646158218384e-01
9.613044261932373047e-01 3.869552165269851685e-02
7.330023050308227539e-01 2.669977247714996338e-01
9.525856971740722656e-01 4.741426184773445129e-02
3.748268634080886841e-02 9.625173211097717285e-01
5.231098532676696777e-01 4.768901467323303223e-01
8.614749312400817871e-01 1.385250538587570190e-01
6.323887705802917480e-01 3.676111996173858643e-01
2.259011939167976379e-02 9.774098992347717285e-01
7.428613901138305664e-01 2.571386098861694336e-01
1.342951203696429729e-03 9.986569881439208984e-01
2.865491509437561035e-01 7.134508490562438965e-01
8.452688455581665039e-01 1.547311097383499146e-01
9.557120800018310547e-01 4.428787156939506531e-02
7.302883267402648926e-01 2.697116434574127197e-01
6.350326538085937500e-01 3.649673461914062500e-01
1.478062421083450317e-01 8.521937131881713867e-01
9.063956141471862793e-01 9.360443055629730225e-02
9.245672821998596191e-01 7.543275505304336548e-02
6.740512847900390625e-01 3.259487450122833252e-01
8.443589210510253906e-01 1.556410491466522217e-01
8.191330432891845703e-01 1.808669567108154297e-01
1.390378326177597046e-01 8.609621524810791016e-01
9.281609058380126953e-01 7.183912396430969238e-02
8.811522126197814941e-01 1.188478171825408936e-01
9.312126040458679199e-01 6.878738105297088623e-02
4.414041042327880859e-01 5.585958957672119141e-01
9.653186798095703125e-01 3.468133136630058289e-02
6.804379820823669434e-02 9.319562315940856934e-01
9.507911801338195801e-01 4.920881241559982300e-02
4.305464625358581543e-01 5.694535374641418457e-01
7.531707286834716797e-01 2.468291968107223511e-01
4.425764977931976318e-01 5.574234724044799805e-01
7.465654611587524414e-01 2.534345090389251709e-01
9.938517808914184570e-01 6.148197222501039505e-03
6.406290531158447266e-01 3.593710064888000488e-01
8.758081793785095215e-01 1.241917908191680908e-01
9.085705280303955078e-01 9.142950922250747681e-02
8.848429918289184570e-01 1.151569783687591553e-01
1.149707809090614319e-01 8.850292563438415527e-01
8.812507390975952148e-01 1.187492311000823975e-01
9.636318683624267578e-01 3.636810928583145142e-02
8.805643320083618164e-01 1.194356977939605713e-01
2.528285086154937744e-01 7.471715211868286133e-01
2.492712587118148804e-01 7.507287263870239258e-01
6.465877294540405273e-01 3.534123301506042480e-01
7.957116365432739258e-01 2.042883336544036865e-01
8.474670052528381348e-01 1.525329649448394775e-01
6.618306040763854980e-01 3.381694257259368896e-01
1.166853532195091248e-01 8.833146691322326660e-01
7.535155415534973145e-01 2.464844882488250732e-01
8.993877768516540527e-01 1.006121635437011719e-01
5.783568024635314941e-01 4.216431975364685059e-01
9.735608100891113281e-01 2.643922530114650726e-02
8.872075676918029785e-01 1.127923950552940369e-01
7.094862461090087891e-01 2.905137836933135986e-01
1.297259703278541565e-02 9.870274662971496582e-01
7.199740409851074219e-01 2.800259888172149658e-01
9.740650057792663574e-01 2.593501470983028412e-02
3.506641387939453125e-01 6.493358612060546875e-01
8.872003555297851562e-01 1.127996295690536499e-01
7.558789253234863281e-01 2.441211491823196411e-01
7.885782718658447266e-01 2.114217132329940796e-01
8.120235055685043335e-02 9.187976717948913574e-01
9.785660505294799805e-01 2.143389917910099030e-02
8.229985833168029785e-01 1.770014613866806030e-01
2.376330196857452393e-01 7.623670101165771484e-01
9.419885873794555664e-01 5.801143497228622437e-02
4.404860734939575195e-01 5.595139265060424805e-01
1.559701003134250641e-02 9.844030141830444336e-01
1.728543639183044434e-02 9.827145934104919434e-01
4.473901987075805664e-01 5.526097416877746582e-01
2.168648093938827515e-01 7.831351757049560547e-01
8.917116522789001465e-01 1.082882955670356750e-01
7.187668681144714355e-01 2.812331318855285645e-01
7.023743987083435059e-01 2.976256012916564941e-01
9.644413590431213379e-01 3.555865213274955750e-02
7.841775417327880859e-01 2.158225178718566895e-01
8.916714787483215332e-01 1.083285808563232422e-01
8.281636834144592285e-01 1.718363463878631592e-01
9.184064865112304688e-01 8.159351348876953125e-02
6.838423013687133789e-01 3.161576986312866211e-01
5.635938644409179688e-01 4.364061057567596436e-01
1.618068665266036987e-01 8.381931185722351074e-01
7.957693934440612793e-01 2.042305916547775269e-01
7.503687739372253418e-01 2.496311962604522705e-01
6.692182421684265137e-01 3.307816982269287109e-01
4.041458014398813248e-03 9.959585070610046387e-01
7.771874070167541504e-01 2.228125780820846558e-01
8.876026868820190430e-01 1.123973354697227478e-01
9.956077933311462402e-01 4.392171278595924377e-03
7.126004695892333984e-01 2.873995304107666016e-01
3.680939599871635437e-02 9.631906151771545410e-01
6.553218364715576172e-01 3.446782529354095459e-01
5.699109435081481934e-01 4.300890266895294189e-01
1.583515405654907227e-01 8.416483998298645020e-01
7.792191505432128906e-01 2.207808941602706909e-01
8.486398458480834961e-01 1.513601541519165039e-01
3.223653733730316162e-01 6.776346564292907715e-01
8.820171952247619629e-01 1.179828271269798279e-01
9.327837228775024414e-01 6.721626967191696167e-02
9.141962528228759766e-01 8.580379188060760498e-02
4.509138762950897217e-01 5.490861535072326660e-01
9.619324803352355957e-01 3.806754946708679199e-02
8.202721476554870605e-01 1.797278374433517456e-01
8.817682862281799316e-01 1.182317584753036499e-01
8.408165574073791504e-01 1.591834127902984619e-01
9.717108607292175293e-01 2.828916721045970917e-02
8.710290193557739258e-01 1.289709955453872681e-01
8.428390622138977051e-01 1.571608781814575195e-01
7.431293725967407227e-01 2.568706274032592773e-01
8.456932306289672852e-01 1.543067395687103271e-01
2.101980149745941162e-01 7.898019552230834961e-01
8.371915817260742188e-01 1.628083437681198120e-01
6.828247308731079102e-01 3.171752393245697021e-01
1.644886136054992676e-01 8.355113863945007324e-01
8.697775602340698242e-01 1.302224397659301758e-01
8.762809634208679199e-01 1.237190216779708862e-01
8.904198408126831055e-01 1.095801368355751038e-01
5.180673301219940186e-02 9.481932520866394043e-01
9.154629111289978027e-01 8.453714102506637573e-02
2.739949226379394531e-01 7.260050773620605469e-01
8.835130929946899414e-02 9.116486310958862305e-01
9.051570296287536621e-01 9.484294801950454712e-02
8.204934597015380859e-01 1.795064955949783325e-01
2.821792364120483398e-01 7.178207039833068848e-01
8.858498930931091309e-01 1.141500845551490784e-01
9.877104163169860840e-01 1.228949986398220062e-02
5.804584622383117676e-01 4.195415079593658447e-01
6.416355967521667480e-01 3.583643436431884766e-01
9.280148148536682129e-01 7.198519259691238403e-02
6.302370876073837280e-02 9.369762539863586426e-01
6.883384287357330322e-02 9.311661720275878906e-01
1.061138659715652466e-01 8.938860893249511719e-01
9.950030595064163208e-02 9.004996418952941895e-01
8.200288414955139160e-01 1.799711734056472778e-01
8.777867555618286133e-01 1.222132146358489990e-01
6.620755195617675781e-01 3.379244506359100342e-01
9.934880733489990234e-01 6.511890795081853867e-03
7.668616771697998047e-01 2.331383079290390015e-01
2.091771960258483887e-01 7.908228039741516113e-01
8.464831113815307617e-01 1.535168886184692383e-01
4.719750285148620605e-01 5.280249714851379395e-01
3.386792913079261780e-02 9.661321043968200684e-01
9.581292867660522461e-01 4.187074303627014160e-02
9.448609948158264160e-01 5.513898655772209167e-02
2.315433472394943237e-01 7.684566378593444824e-01
9.439130425453186035e-01 5.608696490526199341e-02
1.628791242837905884e-01 8.371208310127258301e-01
8.756997585296630859e-01 1.243003159761428833e-01
5.652618408203125000e-01 4.347382187843322754e-01
8.973123431205749512e-01 1.026876419782638550e-01
9.370026588439941406e-01 6.299734115600585938e-02
5.507929921150207520e-01 4.492070674896240234e-01
9.770226478576660156e-01 2.297730557620525360e-02
8.556268215179443359e-01 1.443732529878616333e-01
9.825754165649414062e-01 1.742458157241344452e-02
8.915548324584960938e-01 1.084451600909233093e-01
8.955939859151840210e-02 9.104405641555786133e-01
9.699908494949340820e-01 3.000910580158233643e-02
8.560852147638797760e-03 9.914391040802001953e-01
8.749035000801086426e-01 1.250964999198913574e-01
9.305028915405273438e-01 6.949718296527862549e-02
9.393996596336364746e-01 6.060034036636352539e-02
1.462899297475814819e-01 8.537100553512573242e-01
7.262147068977355957e-01 2.737852334976196289e-01
5.974094271659851074e-01 4.025906324386596680e-01
9.806226491928100586e-01 1.937735080718994141e-02
1.283609420061111450e-01 8.716390728950500488e-01
9.434047937393188477e-01 5.659524351358413696e-02
2.140712291002273560e-01 7.859287858009338379e-01
9.492657184600830078e-01 5.073426663875579834e-02
2.655083835124969482e-01 7.344915866851806641e-01
3.344606459140777588e-01 6.655393242835998535e-01
9.215106368064880371e-01 7.848935574293136597e-02
1.974834501743316650e-01 8.025165796279907227e-01
7.967610359191894531e-01 2.032389342784881592e-01
7.009983062744140625e-03 9.929900169372558594e-01
4.678919613361358643e-01 5.321080684661865234e-01
8.586243540048599243e-02 9.141375422477722168e-01
9.486733675003051758e-01 5.132670328021049500e-02
1.311167329549789429e-02 9.868883490562438965e-01
5.512998104095458984e-01 4.487002193927764893e-01
7.702576369047164917e-02 9.229742288589477539e-01
8.165849447250366211e-01 1.834150403738021851e-01
8.838686347007751465e-01 1.161313727498054504e-01
8.552806377410888672e-01 1.447193920612335205e-01
9.350696206092834473e-01 6.493031233549118042e-02
6.426950097084045410e-01 3.573049902915954590e-01
5.821086168289184570e-01 4.178913533687591553e-01
6.426227092742919922e-01 3.573772311210632324e-01
1.281234771013259888e-01 8.718764781951904297e-01
6.895635128021240234e-01 3.104363977909088135e-01
3.811036348342895508e-01 6.188963651657104492e-01
6.433388590812683105e-02 9.356661438941955566e-01
6.237570643424987793e-01 3.762429356575012207e-01
6.582357287406921387e-01 3.417643010616302490e-01
7.170228362083435059e-01 2.829771041870117188e-01
8.515533804893493652e-01 1.484466493129730225e-01
9.619320034980773926e-01 3.806797415018081665e-02
1.768834702670574188e-02 9.823117256164550781e-01
1.387187838554382324e-01 8.612812161445617676e-01
7.694273442029953003e-02 9.230572581291198730e-01
9.345875978469848633e-01 6.541233509778976440e-02
7.321995217353105545e-03 9.926780462265014648e-01
9.547162652015686035e-01 4.528367146849632263e-02
6.014555692672729492e-01 3.985444605350494385e-01
9.850799441337585449e-01 1.492008008062839508e-02
9.603708386421203613e-01 3.962917625904083252e-02
9.691828489303588867e-01 3.081718273460865021e-02
9.690688848495483398e-01 3.093108348548412323e-02
9.006297588348388672e-01 9.937026351690292358e-02
6.132031679153442383e-01 3.867968618869781494e-01
9.264956116676330566e-01 7.350435107946395874e-02
5.491184592247009277e-01 4.508814811706542969e-01
9.321203827857971191e-01 6.787964701652526855e-02
6.429840326309204102e-01 3.570159971714019775e-01
9.580265879631042480e-01 4.197338595986366272e-02
4.241120815277099609e-02 9.575887918472290039e-01
6.441219449043273926e-01 3.558780848979949951e-01
8.540819287300109863e-01 1.459180712699890137e-01
8.180328607559204102e-01 1.819671094417572021e-01
9.169372916221618652e-01 8.306272327899932861e-02
9.116403460502624512e-01 8.835971355438232422e-02
1.923665106296539307e-01 8.076335191726684570e-01
7.179604172706604004e-01 2.820395231246948242e-01
9.194818735122680664e-01 8.051805198192596436e-02
9.820727109909057617e-01 1.792729832231998444e-02
8.472332358360290527e-01 1.527667939662933350e-01
8.214065432548522949e-01 1.785934567451477051e-01
5.521038174629211426e-02 9.447896480560302734e-01
7.337093949317932129e-01 2.662905752658843994e-01
1.523485966026782990e-02 9.847651720046997070e-01
4.633392691612243652e-01 5.366607904434204102e-01
9.684824943542480469e-01 3.151747956871986389e-02
6.852639317512512207e-01 3.147360384464263916e-01
1.944640725851058960e-01 8.055359125137329102e-01
9.730890989303588867e-01 2.691093087196350098e-02
2.601444162428379059e-02 9.739854931831359863e-01
8.514825105667114258e-01 1.485175043344497681e-01
3.217127919197082520e-01 6.782872080802917480e-01
7.259538024663925171e-02 9.274046421051025391e-01
5.869344994425773621e-02 9.413065910339355469e-01
7.450043559074401855e-01 2.549956738948822021e-01
3.326411172747612000e-02 9.667358994483947754e-01
2.780223265290260315e-02 9.721977114677429199e-01
6.788222789764404297e-01 3.211777210235595703e-01
8.924995064735412598e-01 1.075005605816841125e-01
9.748579859733581543e-01 2.514204755425453186e-02
2.175180464982986450e-01 7.824819684028625488e-01
2.885453402996063232e-01 7.114546298980712891e-01
9.565026760101318359e-01 4.349734261631965637e-02
9.912376403808593750e-01 8.762435987591743469e-03
7.882610559463500977e-01 2.117389142513275146e-01
7.623550295829772949e-01 2.376449853181838989e-01
8.469913005828857422e-01 1.530086696147918701e-01
8.391297459602355957e-01 1.608702391386032104e-01
8.089511990547180176e-01 1.910487711429595947e-01
6.123892068862915039e-01 3.876107335090637207e-01
7.193442583084106445e-01 2.806557118892669678e-01
8.416746258735656738e-01 1.583254039287567139e-01
9.484651684761047363e-01 5.153487995266914368e-02
8.707781434059143066e-01 1.292219310998916626e-01
5.509576797485351562e-01 4.490422904491424561e-01
7.940598130226135254e-01 2.059401720762252808e-01
9.036650657653808594e-01 9.633496403694152832e-02
6.165568530559539795e-02 9.383443593978881836e-01
4.665979444980621338e-01 5.334020853042602539e-01
6.840382218360900879e-01 3.159617185592651367e-01
9.664282798767089844e-01 3.357177600264549255e-02
2.987090647220611572e-01 7.012909650802612305e-01
5.161473527550697327e-02 9.483852386474609375e-01
9.669635295867919922e-01 3.303650021553039551e-02
9.832605719566345215e-01 1.673946902155876160e-02
2.460258007049560547e-01 7.539741396903991699e-01
7.900090813636779785e-01 2.099908888339996338e-01
8.749646544456481934e-01 1.250353902578353882e-01
5.288382172584533691e-01 4.711618423461914062e-01
9.401367306709289551e-01 5.986327677965164185e-02
4.815383851528167725e-01 5.184615850448608398e-01
7.537351846694946289e-01 2.462648451328277588e-01
8.626915216445922852e-01 1.373084634542465210e-01
9.763712882995605469e-01 2.362869307398796082e-02
9.345577657222747803e-02 9.065442085266113281e-01
7.544941902160644531e-01 2.455058246850967407e-01
5.770807266235351562e-01 4.229193031787872314e-01
9.723138809204101562e-01 2.768613770604133606e-02
6.659236550331115723e-01 3.340763747692108154e-01
3.570868372917175293e-01 6.429132223129272461e-01
8.516395092010498047e-01 1.483605206012725830e-01
1.926922500133514404e-01 8.073077201843261719e-01
6.354289054870605469e-01 3.645710945129394531e-01
1.547347754240036011e-01 8.452652096748352051e-01
9.649457335472106934e-01 3.505433350801467896e-02
8.121874332427978516e-01 1.878125816583633423e-01
1.040754094719886780e-01 8.959245681762695312e-01
8.661459684371948242e-01 1.338540911674499512e-01
9.164284914731979370e-02 9.083570837974548340e-01
2.881610989570617676e-01 7.118389010429382324e-01
8.110557198524475098e-01 1.889443248510360718e-01
6.767582297325134277e-01 3.232417106628417969e-01
9.096313714981079102e-01 9.036864340305328369e-02
8.100032210350036621e-01 1.899967491626739502e-01
9.484807252883911133e-01 5.151936039328575134e-02
1.163145247846841812e-02 9.883685708045959473e-01
8.286393880844116211e-01 1.713606119155883789e-01
9.029505252838134766e-01 9.704952687025070190e-02
8.337076306343078613e-01 1.662923991680145264e-01
8.824785351753234863e-01 1.175214871764183044e-01
8.917557597160339355e-01 1.082442700862884521e-01
9.850592613220214844e-01 1.494072563946247101e-02
7.451283335685729980e-01 2.548716366291046143e-01
5.240158438682556152e-01 4.759841561317443848e-01
9.862707853317260742e-01 1.372918114066123962e-02
2.810230106115341187e-02 9.718976616859436035e-01
2.064281105995178223e-01 7.935718894004821777e-01
7.389188557863235474e-02 9.261081814765930176e-01
8.871392607688903809e-01 1.128607243299484253e-01
9.475048184394836426e-01 5.249516293406486511e-02
4.811254143714904785e-01 5.188745856285095215e-01
9.208915233612060547e-01 7.910852134227752686e-02
2.951542139053344727e-01 7.048457860946655273e-01
3.879643380641937256e-01 6.120356321334838867e-01
9.609097838401794434e-01 3.909019008278846741e-02
5.312308073043823242e-01 4.687692523002624512e-01
4.323794320225715637e-02 9.567620158195495605e-01
5.287498831748962402e-01 4.712501764297485352e-01
8.341619372367858887e-01 1.658379733562469482e-01
9.128721952438354492e-01 8.712776750326156616e-02
7.712665945291519165e-02 9.228733777999877930e-01
5.486540198326110840e-01 4.513460099697113037e-01
1.849323660135269165e-01 8.150676488876342773e-01
9.904990792274475098e-01 9.500976651906967163e-03
5.940759778022766113e-01 4.059240221977233887e-01
8.823910951614379883e-01 1.176089197397232056e-01
9.189254045486450195e-01 8.107464015483856201e-02
8.625501394271850586e-02 9.137449264526367188e-01
5.705574154853820801e-01 4.294426441192626953e-01
5.137985944747924805e-01 4.862013757228851318e-01
9.699684381484985352e-01 3.003153204917907715e-02
4.307948946952819824e-01 5.692050457000732422e-01
9.272007942199707031e-01 7.279916852712631226e-02
8.342336416244506836e-01 1.657663583755493164e-01
8.985484242439270020e-01 1.014516204595565796e-01
9.047390818595886230e-01 9.526090323925018311e-02
7.913633584976196289e-01 2.086367160081863403e-01
9.362850785255432129e-01 6.371484696865081787e-02
9.401293992996215820e-01 5.987060815095901489e-02
9.062998294830322266e-01 9.370019286870956421e-02
9.005215764045715332e-01 9.947838634252548218e-02
3.351317942142486572e-01 6.648681759834289551e-01
8.875983953475952148e-02 9.112401604652404785e-01
2.283865064382553101e-01 7.716135382652282715e-01
7.849014401435852051e-01 2.150985896587371826e-01
3.930158019065856934e-01 6.069841980934143066e-01
7.716559767723083496e-01 2.283440381288528442e-01
9.849843978881835938e-01 1.501555833965539932e-02
4.466432332992553711e-01 5.533568263053894043e-01
9.319540858268737793e-01 6.804589182138442993e-02
4.702808856964111328e-01 5.297191143035888672e-01
9.652037620544433594e-01 3.479630500078201294e-02
4.911930561065673828e-01 5.088070034980773926e-01
9.608786702156066895e-01 3.912140056490898132e-02
8.392107486724853516e-01 1.607892513275146484e-01
8.637903928756713867e-01 1.362095773220062256e-01
7.718760371208190918e-01 2.281239777803421021e-01
9.380548596382141113e-01 6.194510310888290405e-02
1.560873091220855713e-01 8.439127206802368164e-01
6.980667114257812500e-01 3.019333183765411377e-01
9.561107754707336426e-01 4.388926923274993896e-02
6.604577898979187012e-01 3.395421802997589111e-01
8.777300119400024414e-01 1.222699806094169617e-01
9.666659235954284668e-01 3.333404287695884705e-02
5.459706857800483704e-02 9.454028606414794922e-01
9.230360388755798340e-01 7.696399092674255371e-02
3.493212163448333740e-01 6.506787538528442383e-01
9.142569899559020996e-01 8.574298769235610962e-02
6.408897042274475098e-02 9.359110593795776367e-01
8.901668787002563477e-01 1.098330691456794739e-01
7.792302370071411133e-01 2.207698225975036621e-01
5.463903546333312988e-01 4.536096155643463135e-01
8.443584442138671875e-01 1.556416153907775879e-01
5.337947607040405273e-01 4.662051796913146973e-01
8.193392753601074219e-01 1.806606948375701904e-01
1.483159214258193970e-01 8.516840934753417969e-01
2.787009179592132568e-01 7.212990522384643555e-01
2.737409174442291260e-01 7.262590527534484863e-01
9.596048295497894287e-02 9.040395021438598633e-01
4.889566004276275635e-01 5.110434293746948242e-01
9.377142786979675293e-01 6.228579580783843994e-02
8.680703043937683105e-01 1.319296211004257202e-01
9.722336530685424805e-01 2.776634879410266876e-02
8.398856520652770996e-01 1.601143479347229004e-01
3.946081101894378662e-01 6.053919196128845215e-01
6.535671353340148926e-01 3.464328646659851074e-01
9.560323357582092285e-01 4.396772384643554688e-02
7.282385826110839844e-01 2.717613875865936279e-01
9.588471055030822754e-01 4.115296900272369385e-02
8.738138675689697266e-01 1.261860728263854980e-01
4.782374799251556396e-01 5.217624902725219727e-01
1.913680881261825562e-01 8.086318969726562500e-01
8.452931642532348633e-01 1.547068655490875244e-01
4.517066292464733124e-03 9.954829216003417969e-01
2.662245035171508789e-01 7.337754964828491211e-01
8.710671216249465942e-02 9.128933548927307129e-01
7.113713622093200684e-01 2.886285781860351562e-01
5.311459302902221680e-02 9.468853473663330078e-01
6.107444763183593750e-01 3.892554938793182373e-01
5.778152346611022949e-01 4.221847951412200928e-01
6.470350027084350586e-01 3.529649972915649414e-01
9.227427244186401367e-01 7.725724577903747559e-02
9.534263014793395996e-01 4.657370224595069885e-02
6.969939470291137695e-01 3.030060231685638428e-01
1.877949237823486328e-01 8.122050166130065918e-01
3.228143453598022461e-01 6.771857142448425293e-01
5.611332058906555176e-01 4.388668537139892578e-01
9.351193904876708984e-01 6.488060951232910156e-02
4.900996759533882141e-02 9.509900212287902832e-01
7.957921028137207031e-01 2.042078822851181030e-01
8.310533761978149414e-01 1.689466089010238647e-01
8.835196495056152344e-01 1.164803653955459595e-01
3.445081785321235657e-02 9.655491709709167480e-01
5.866530537605285645e-01 4.133470356464385986e-01
4.681575596332550049e-01 5.318424105644226074e-01
3.894498646259307861e-01 6.105501651763916016e-01
9.526041150093078613e-01 4.739585146307945251e-02
9.761189222335815430e-01 2.388103492558002472e-02
9.917470216751098633e-01 8.252925239503383636e-03
9.507712125778198242e-01 4.922871664166450500e-02
2.696501314640045166e-01 7.303497791290283203e-01
8.076903223991394043e-01 1.923096925020217896e-01
7.794612646102905273e-01 2.205387800931930542e-01
3.605051636695861816e-01 6.394948363304138184e-01
2.135215848684310913e-01 7.864784002304077148e-01
9.721421599388122559e-01 2.785781025886535645e-02
9.152030348777770996e-01 8.479698002338409424e-02
6.684344407403841615e-05 9.999331235885620117e-01
7.947363257408142090e-01 2.052636593580245972e-01
7.280473709106445312e-01 2.719525992870330811e-01
6.168821454048156738e-01 3.831178545951843262e-01
5.382385849952697754e-01 4.617613852024078369e-01
9.255582094192504883e-01 7.444179058074951172e-02
9.430961012840270996e-01 5.690392479300498962e-02
7.671979069709777832e-01 2.328020632266998291e-01
9.589952826499938965e-01 4.100470989942550659e-02
3.561755120754241943e-01 6.438244581222534180e-01
7.612048983573913574e-01 2.387951016426086426e-01
1.906937174499034882e-02 9.809306263923645020e-01
5.017346702516078949e-03 9.949826002120971680e-01
8.330195546150207520e-01 1.669803708791732788e-01
4.431816041469573975e-01 5.568184256553649902e-01
6.920363306999206543e-01 3.079636394977569580e-01
5.627769976854324341e-03 9.943722486495971680e-01
4.693322256207466125e-02 9.530667662620544434e-01
3.195410966873168945e-01 6.804589629173278809e-01
2.405346781015396118e-01 7.594653964042663574e-01
9.765228033065795898e-01 2.347727678716182709e-02
4.806136339902877808e-02 9.519386291503906250e-01
8.862888813018798828e-01 1.137111261487007141e-01
4.380777776241302490e-01 5.619222521781921387e-01
9.779762625694274902e-01 2.202368527650833130e-02
9.355697035789489746e-01 6.443026661872863770e-02
2.442200630903244019e-01 7.557799220085144043e-01
8.735098838806152344e-01 1.264901012182235718e-01
5.294176340103149414e-01 4.705823063850402832e-01
6.335821747779846191e-01 3.664178252220153809e-01
8.272538781166076660e-01 1.727461665868759155e-01
1.005574017763137817e-01 8.994425535202026367e-01
6.024380922317504883e-01 3.975618779659271240e-01
9.718955159187316895e-01 2.810452319681644440e-02
5.414606928825378418e-01 4.585393071174621582e-01
9.439350366592407227e-01 5.606492981314659119e-02
4.381985068321228027e-01 5.618015527725219727e-01
8.414393067359924316e-01 1.585606783628463745e-01
9.007914662361145020e-01 9.920846670866012573e-02
1.312556564807891846e-01 8.687443733215332031e-01
9.707704186439514160e-01 2.922958321869373322e-02
1.085635125637054443e-01 8.914364576339721680e-01
9.059007167816162109e-01 9.409928321838378906e-02
8.214707374572753906e-01 1.785292327404022217e-01
9.511968493461608887e-01 4.880309104919433594e-02
8.583635091781616211e-01 1.416364759206771851e-01
6.051598787307739258e-01 3.948400914669036865e-01
1.660086773335933685e-02 9.833991527557373047e-01
9.119554758071899414e-01 8.804451674222946167e-02
6.759032607078552246e-01 3.240967690944671631e-01
9.054017663002014160e-01 9.459819644689559937e-02
8.656954765319824219e-01 1.343045383691787720e-01
9.129006862640380859e-01 8.709935843944549561e-02
8.979607820510864258e-01 1.020392403006553650e-01
6.451793313026428223e-01 3.548206686973571777e-01
9.621976017951965332e-01 3.780239447951316833e-02
3.616267740726470947e-01 6.383733153343200684e-01
7.323381900787353516e-01 2.676618397235870361e-01
9.000760316848754883e-01 9.992390871047973633e-02
8.424943685531616211e-01 1.575056165456771851e-01
8.532205969095230103e-02 9.146779179573059082e-01
6.016196608543395996e-01 3.983803391456604004e-01
5.344001054763793945e-01 4.655998647212982178e-01
6.124464273452758789e-01 3.875536024570465088e-01
8.073143959045410156e-01 1.926855742931365967e-01
7.047690749168395996e-01 2.952309548854827881e-01
4.929729700088500977e-01 5.070269703865051270e-01
7.002445459365844727e-01 2.997555136680603027e-01
8.452141880989074707e-01 1.547858268022537231e-01
2.323114126920700073e-01 7.676886320114135742e-01
8.559377193450927734e-01 1.440622806549072266e-01
9.707368612289428711e-01 2.926311455667018890e-02
8.531231284141540527e-01 1.468768119812011719e-01
6.842917203903198242e-02 9.315708279609680176e-01
8.902627825736999512e-01 1.097372099757194519e-01
7.258936166763305664e-01 2.741063833236694336e-01
8.047942519187927246e-01 1.952057182788848877e-01
8.228404521942138672e-01 1.771595478057861328e-01
9.396548271179199219e-01 6.034516915678977966e-02
9.858487844467163086e-01 1.415116898715496063e-02
1.683768071234226227e-02 9.831622838973999023e-01
7.337862849235534668e-01 2.662137746810913086e-01
9.846220016479492188e-01 1.537798531353473663e-02
6.951901316642761230e-01 3.048098981380462646e-01
9.063137173652648926e-01 9.368626028299331665e-02
9.722914695739746094e-01 2.770855277776718140e-02
6.053131818771362305e-01 3.946868181228637695e-01
9.586824178695678711e-01 4.131757467985153198e-02
8.876617550849914551e-01 1.123381629586219788e-01
7.087725996971130371e-01 2.912274003028869629e-01
9.829771518707275391e-01 1.702286675572395325e-02
9.165220260620117188e-01 8.347794413566589355e-02
8.787822127342224121e-01 1.212177947163581848e-01
2.084959149360656738e-01 7.915040850639343262e-01
8.663421273231506348e-01 1.336578577756881714e-01
9.191439747810363770e-01 8.085601776838302612e-02
8.513578772544860840e-01 1.486421227455139160e-01
2.251856587827205658e-02 9.774814248085021973e-01
7.652220129966735840e-01 2.347779870033264160e-01
5.434204936027526855e-01 4.565795361995697021e-01
9.838009476661682129e-01 1.619909517467021942e-02
8.692125082015991211e-01 1.307875216007232666e-01
7.781708836555480957e-01 2.218291461467742920e-01
8.850471377372741699e-01 1.149528697133064270e-01
9.518306255340576172e-01 4.816935583949089050e-02
5.011655688285827637e-01 4.988344013690948486e-01
6.357087492942810059e-01 3.642912209033966064e-01
4.729912802577018738e-02 9.527008533477783203e-01
1.118813920766115189e-02 9.888118505477905273e-01
5.089221000671386719e-01 4.910778403282165527e-01
2.687973380088806152e-01 7.312026023864746094e-01
1.017394736409187317e-01 8.982605338096618652e-01
7.766724228858947754e-01 2.233275920152664185e-01
6.313755512237548828e-01 3.686245381832122803e-01
7.240698933601379395e-01 2.759301662445068359e-01
8.370602130889892578e-01 1.629397720098495483e-01
7.287087440490722656e-01 2.712911963462829590e-01
1.297328472137451172e-01 8.702671527862548828e-01
7.987091541290283203e-01 2.012908458709716797e-01
3.957106918096542358e-02 9.604288935661315918e-01
9.750160574913024902e-01 2.498400956392288208e-02
5.165688991546630859e-01 4.834310412406921387e-01
6.245002895593643188e-02 9.375499486923217773e-01
7.993794679641723633e-01 2.006205320358276367e-01
9.017699956893920898e-01 9.823004156351089478e-02
8.694676160812377930e-01 1.305323690176010132e-01
8.212689161300659180e-01 1.787310987710952759e-01
5.918142795562744141e-01 4.081856608390808105e-01
6.413239985704421997e-03 9.935867786407470703e-01
8.594941496849060059e-01 1.405058652162551880e-01
6.984055042266845703e-01 3.015944957733154297e-01
9.260448813438415527e-01 7.395511120557785034e-02
3.773082196712493896e-01 6.226917505264282227e-01
2.337824851274490356e-01 7.662174701690673828e-01
5.178175568580627441e-01 4.821824133396148682e-01
7.529069781303405762e-01 2.470930367708206177e-01
9.346345663070678711e-01 6.536544114351272583e-02
9.520801901817321777e-01 4.791980981826782227e-02
8.721093535423278809e-01 1.278906762599945068e-01
6.303163170814514160e-01 3.696837127208709717e-01
8.747854232788085938e-01 1.252146065235137939e-01
5.537880659103393555e-01 4.462119638919830322e-01
7.854160666465759277e-01 2.145839631557464600e-01
3.678066730499267578e-01 6.321933865547180176e-01
3.938894867897033691e-01 6.061105132102966309e-01
6.518606543540954590e-01 3.481393158435821533e-01
9.643005728721618652e-01 3.569940105080604553e-02
5.166384577751159668e-01 4.833615124225616455e-01
8.928358554840087891e-01 1.071641370654106140e-01
8.127900958061218262e-01 1.872098892927169800e-01
5.470413248986005783e-03 9.945295453071594238e-01
9.057226777076721191e-01 9.427730739116668701e-02
9.387365579605102539e-01 6.126344576478004456e-02
5.090235471725463867e-01 4.909765124320983887e-01
